0.023	
0.033	
0.043	
0.053	
0.063	
0.073	
0.084	
0.094	
0.104	
0.114	
0.124	
0.134	
0.144	
0.154	
0.164	
0.174	
0.184	
0.194	
0.204	
0.214	
0.224	
0.234	
0.245	
0.255	
0.265	
0.275	
0.285	
0.295	
0.305	
0.315	
0.325	
0.335	
0.345	
0.355	
0.365	
0.375	
0.386	
0.396	
0.406	
0.416	
0.426	
0.436	
0.446	
0.456	
0.466	
0.476	
0.486	
0.496	
0.506	
0.516	
0.527	
0.537	
0.547	
0.557	
0.567	
0.577	
0.587	
0.597	
0.607	
0.617	
0.627	
0.637	
0.647	
0.657	
0.667	
0.677	
0.687	
0.698	
0.708	
0.718	
0.728	
0.738	
0.748	
0.758	
0.768	
0.778	
0.788	
0.798	
0.808	
0.818	
0.828	
0.838	
0.848	
0.859	
0.869	
0.879	
0.889	
0.899	
0.909	
0.919	
0.929	
0.939	
0.949	
0.959	
0.969	
0.979	
0.989	
0.999	
1.009	
1.019	
1.029	
1.039	
1.049	
1.06	
1.07	
1.08	
1.09	
1.1	
1.11	
1.12	
1.13	
1.14	
1.15	
1.16	
1.17	
1.18	
1.19	
1.2	
1.21	
1.22	
1.23	
1.24	
1.251	
1.261	
1.271	
1.281	
1.291	
1.301	
1.311	
1.321	
1.331	
1.341	
1.351	
1.361	
1.371	
1.381	
1.391	
1.401	
1.411	
1.421	
1.431	
1.441	
1.452	
1.462	
1.472	
1.482	
1.492	
1.502	
1.512	
1.522	
1.532	
1.542	
1.552	
1.562	
1.572	
1.582	
1.592	
1.602	
1.612	
1.622	
1.632	
1.642	
1.652	
1.663	
1.673	
1.683	
1.693	
1.703	
1.713	
1.723	
1.733	
1.743	
1.753	
1.763	
1.773	
1.783	
1.793	
1.803	
1.813	
1.823	
1.833	
1.843	
1.853	
1.863	
1.873	
1.883	
1.894	
1.904	
1.914	
1.924	
1.934	
1.944	
1.954	
1.964	
1.974	
1.984	
1.994	
2.004	
2.014	
2.024	
2.034	
2.044	
2.054	
2.064	
2.074	
2.084	
2.094	
2.104	
2.114	
2.125	
2.135	
2.145	
2.155	
2.165	
2.175	
2.185	
2.195	
2.205	
2.215	
2.225	
2.235	
2.245	
2.255	
2.265	
2.275	
2.285	
2.295	
2.305	
2.315	
2.325	
2.335	
2.345	
2.356	
2.366	
2.376	
2.386	
2.396	
2.406	
2.416	
2.426	
2.436	
2.446	
2.456	
2.466	
2.476	
2.486	
2.496	
2.506	
2.516	
2.526	
2.536	
2.546	
2.556	
2.566	
2.576	
2.587	
2.597	
2.607	
2.617	
2.627	
2.637	
2.647	
2.657	
2.667	
2.677	
2.687	
2.697	
2.707	
2.717	
2.727	
2.737	
2.747	
2.757	
2.767	
2.777	
2.787	
2.797	
2.807	
2.818	
2.828	
2.838	
2.848	
2.858	
2.868	
2.878	
2.888	
2.898	
2.908	
2.918	
2.928	
2.938	
2.948	
2.958	
2.968	
2.978	
2.988	
2.998	
3.008	
3.018	
3.028	
3.038	
3.049	
3.059	
3.069	
3.079	
3.089	
3.099	
3.109	
3.119	
3.129	
3.139	
3.149	
3.159	
3.169	
3.179	
3.189	
3.199	
3.209	
3.219	
3.229	
3.239	
3.249	
3.26	
3.27	
3.28	
3.29	
3.3	
3.31	
3.32	
3.33	
3.34	
3.35	
3.36	
3.37	
3.38	
3.39	
3.4	
3.41	
3.42	
3.43	
3.44	
3.45	
3.46	
3.47	
3.481	
3.491	
3.501	
3.511	
3.521	
3.531	
3.541	
3.551	
3.561	
3.571	
3.581	
3.591	
3.601	
3.611	
3.621	
3.631	
3.641	
3.651	
3.661	
3.671	
3.681	
3.691	
3.701	
3.711	
3.721	
3.732	
3.742	
3.752	
3.762	
3.772	
3.782	
3.792	
3.802	
3.812	
3.822	
3.832	
3.842	
3.852	
3.862	
3.872	
3.882	
3.892	
3.902	
3.912	
3.923	
3.933	
3.943	
3.953	
3.963	
3.973	
3.983	
3.993	
4.003	
4.013	
4.023	
4.033	
4.043	
4.053	
4.063	
4.073	
4.083	
4.093	
4.103	
4.113	
4.123	
4.134	
4.144	
4.154	
4.164	
4.174	
4.184	
4.194	
4.204	
4.214	
4.224	
4.234	
4.244	
4.254	
4.264	
4.274	
4.284	
4.294	
4.304	
4.314	
4.324	
4.334	
4.344	
4.355	
4.365	
4.375	
4.385	
4.395	
4.405	
4.415	
4.425	
4.435	
4.445	
4.455	
4.465	
4.475	
4.485	
4.495	
4.505	
4.515	
4.525	
4.535	
4.545	
4.555	
4.565	
4.576	
4.586	
4.596	
4.606	
4.616	
4.626	
4.636	
4.646	
4.656	
4.666	
4.676	
4.686	
4.696	
4.706	
4.716	
4.726	
4.736	
4.746	
4.756	
4.766	
4.776	
4.787	
4.797	
4.807	
4.817	
4.827	
4.837	
4.847	
4.857	
4.867	
4.877	
4.887	
4.897	
4.907	
4.917	
4.927	
4.937	
4.947	
4.957	
4.967	
4.977	
4.987	
4.997	
5.008	
5.018	
5.028	
5.038	
5.048	
5.058	
5.068	
5.078	
5.088	
5.098	
5.108	
5.118	
5.128	
5.138	
5.148	
5.158	
5.168	
5.178	
5.188	
5.198	
5.208	
5.218	
5.229	
5.239	
5.249	
5.259	
5.269	
5.279	
5.289	
5.299	
5.309	
5.319	
5.329	
5.339	
5.349	
5.359	
5.369	
5.379	
5.389	
5.399	
5.409	
5.419	
5.429	
5.439	
5.45	
5.46	
5.47	
5.48	
5.49	
5.5	
5.51	
5.52	
5.53	
5.54	
5.55	
5.56	
5.57	
5.58	
5.59	
5.601	
5.611	
5.621	
5.631	
5.641	
5.651	
5.661	
5.671	
5.681	
5.691	
5.701	
5.711	
5.721	
5.731	
5.741	
5.751	
5.762	
5.772	
5.782	
5.792	
5.802	
5.812	
5.822	
5.832	
5.842	
5.852	
5.862	
5.872	
5.882	
5.892	
5.902	
5.912	
5.923	
5.933	
5.943	
5.953	
5.963	
5.973	
5.983	
5.993	
6.003	
6.013	
6.023	
6.033	
6.043	
6.053	
6.063	
6.073	
6.084	
6.094	
6.104	
6.114	
6.124	
6.134	
6.144	
6.154	
6.164	
6.174	
6.184	
6.194	
6.204	
6.214	
6.224	
6.235	
6.245	
6.255	
6.265	
6.275	
6.285	
6.295	
6.305	
6.315	
6.325	
6.335	
6.345	
6.355	
6.365	
6.375	
6.385	
6.396	
6.406	
6.416	
6.426	
6.436	
6.446	
6.456	
6.466	
6.476	
6.486	
6.496	
6.506	
6.516	
6.526	
6.536	
6.546	
6.557	
6.567	
6.577	
6.587	
6.597	
